3 2
34 21
34 3
22 32
10 9
30 19
18 17
2 5
3 19
15 24
20 19
23.332 32
23.998 31
23 38
34 18
27 8.3324
31 34
12 12
26 32
22.332 32.4421
21.223 20
32 18
14 12
10 8
1 18
14 5
15 21
14 15
20 34
18 9
23 15
21 31
23 14
16 26
21 27
15 32
15 25
17 18.223
13 27
16 24.3243
19.332 20.3342
21 29.123
10 20
20.99 19.33
10 8.332
18 19.3324
20.432 15.234
17.332 19.422
20.322 23
25 15
21 23
12 14
12 15
12 11
12 16
11 12
12 19
11 14
11 16
22 14
22 15
22.2323 15.323
23 17
26 19
23 28
19 14
14.2323 15
13 25.32423
16.2312 12
18 14.23232
20 9
20 7
24 11
26 19
25 11
28 19
27 10
26 18
23 26
24 22
27 21
24 20
27 30
29 18
29 10
29 23.2234
27.234 24
28 27
28 16
26 7
12 1
10 18
19 8
19 3
3 4
2.22 19
18 23.3442
6 10
5 19.2223
20 18.976
16 11
17 18
12 19
16 19
16 21
16 27
20 18
29 8
20 3
3 19
17 19
20 18
22 19
27 10
28 11
29 18
20 9
10 28
19 28
28 20
18 19
20 19
18 17
19 20
25 20
22 20
23.11 19
19 18.998
19 19
18 27
17 20
23 17
19 28
17 25
26 20
14 19
20 18
23 13
21 10
23 19.98
23 10.332
19 22
22 20.322
18 17.298
19 17.955
18 19.233
10.986 16
8 20
18 16.8765
21 20.876
